Drzewo nr: 1

0,1,2,0,0,5,0,7,8,9
1,0,0,11,12,0,0,0,0,0
2,0,0,0,0,0,0,0,0,0
0,11,0,0,0,0,0,0,0,0
0,12,0,0,0,0,32,0,0,0
5,0,0,0,0,0,0,0,0,0
0,0,0,0,32,0,0,0,0,0
7,0,0,0,0,0,0,0,0,0
8,0,0,0,0,0,0,0,0,0
9,0,0,0,0,0,0,0,0,0

Krawędzie: 70 01 09 02 14 08 13 05 46 
Waga: 87


Drzewo nr: 2

0,0,0,0,4,5,0,7,0,0
0,0,0,0,12,0,0,0,16,0
0,0,0,18,19,0,21,0,0,24
0,0,18,0,0,0,0,0,0,0
4,12,19,0,0,0,0,0,0,0
5,0,0,0,0,0,0,0,0,0
0,0,21,0,0,0,0,0,0,0
7,0,0,0,0,0,0,0,0,0
0,16,0,0,0,0,0,0,0,0
0,0,24,0,0,0,0,0,0,0

Krawędzie: 41 42 40 23 29 18 07 05 26 
Waga: 126


Drzewo nr: 3

0,0,0,3,4,0,6,0,0,0
0,0,10,0,0,0,14,0,16,17
0,10,0,0,0,0,0,22,0,0
3,0,0,0,0,0,0,0,0,0
4,0,0,0,0,0,0,0,0,0
0,0,0,0,0,0,0,0,0,39
6,14,0,0,0,0,0,0,0,0
0,0,22,0,0,0,0,0,0,0
0,16,0,0,0,0,0,0,0,0
0,17,0,0,0,39,0,0,0,0

Krawędzie: 12 16 19 95 60 18 04 27 03 
Waga: 131


Drzewo nr: 4

0,0,2,0,0,5,0,7,0,9
0,0,0,11,0,0,14,0,0,0
2,0,0,0,0,0,0,0,0,0
0,11,0,0,25,26,0,0,0,0
0,0,0,25,0,0,0,0,34,0
5,0,0,26,0,0,0,0,0,0
0,14,0,0,0,0,0,0,0,0
7,0,0,0,0,0,0,0,0,0
0,0,0,0,34,0,0,0,0,0
9,0,0,0,0,0,0,0,0,0

Krawędzie: 05 53 02 09 07 34 48 31 16 
Waga: 133


Drzewo nr: 5

0,1,0,0,4,0,6,7,0,9
1,0,0,0,0,0,0,0,0,0
0,0,0,0,0,0,21,0,23,0
0,0,0,0,0,0,27,0,0,0
4,0,0,0,0,0,0,0,0,0
0,0,0,0,0,0,36,0,0,0
6,0,21,27,0,36,0,0,0,0
7,0,0,0,0,0,0,0,0,0
0,0,23,0,0,0,0,0,0,0
9,0,0,0,0,0,0,0,0,0

Krawędzie: 26 65 60 04 28 01 09 07 63 
Waga: 134


Drzewo nr: 6

0,0,2,3,4,5,0,0,0,0
0,0,0,0,0,0,14,15,0,0
2,0,0,0,0,0,0,0,23,0
3,0,0,0,0,0,27,0,0,0
4,0,0,0,0,0,0,0,0,0
5,0,0,0,0,0,0,0,0,0
0,14,0,27,0,0,0,0,0,0
0,15,0,0,0,0,0,0,0,44
0,0,23,0,0,0,0,0,0,0
0,0,0,0,0,0,0,44,0,0

Krawędzie: 20 03 36 61 17 79 05 28 04 
Waga: 137


Drzewo nr: 7

0,0,0,3,4,0,0,0,8,0
0,0,0,0,12,13,14,0,0,0
0,0,0,0,19,0,0,0,0,0
3,0,0,0,0,0,0,0,0,0
4,12,19,0,0,0,0,0,0,35
0,13,0,0,0,0,0,0,0,0
0,14,0,0,0,0,0,40,0,0
0,0,0,0,0,0,40,0,0,0
8,0,0,0,0,0,0,0,0,0
0,0,0,0,35,0,0,0,0,0

Krawędzie: 04 08 41 49 42 16 67 03 15 
Waga: 148


Drzewo nr: 8

0,0,0,3,0,0,0,0,0,9
0,0,10,0,12,13,14,0,0,0
0,10,0,0,0,0,0,0,0,24
3,0,0,0,0,0,0,0,0,0
0,12,0,0,0,0,0,33,34,0
0,13,0,0,0,0,0,0,0,0
0,14,0,0,0,0,0,0,0,0
0,0,0,0,33,0,0,0,0,0
0,0,0,0,34,0,0,0,0,0
9,0,24,0,0,0,0,0,0,0

Krawędzie: 09 03 92 21 14 48 15 16 47 
Waga: 152


Drzewo nr: 9

0,1,0,0,0,5,6,0,8,0
1,0,0,0,0,0,0,15,0,0
0,0,0,0,0,20,0,0,0,0
0,0,0,0,0,26,0,0,0,0
0,0,0,0,0,31,0,0,0,0
5,0,20,26,31,0,0,0,0,0
6,0,0,0,0,0,0,0,0,42
0,15,0,0,0,0,0,0,0,0
8,0,0,0,0,0,0,0,0,0
0,0,0,0,0,0,42,0,0,0

Krawędzie: 10 06 05 53 08 52 54 69 17 
Waga: 154


Drzewo nr: 10

0,1,2,3,0,5,0,0,0,0
1,0,0,0,0,0,0,0,0,17
2,0,0,0,0,0,0,22,0,0
3,0,0,0,0,0,0,0,29,0
0,0,0,0,0,0,0,33,0,0
5,0,0,0,0,0,0,0,0,0
0,0,0,0,0,0,0,0,0,42
0,0,22,0,33,0,0,0,0,0
0,0,0,29,0,0,0,0,0,0
0,17,0,0,0,0,42,0,0,0

Krawędzie: 02 01 05 03 27 74 38 19 96 
Waga: 154


Drzewo nr: 11

0,1,0,0,0,0,0,0,0,9
1,0,10,0,12,0,14,0,0,0
0,10,0,18,0,0,0,22,0,0
0,0,18,0,0,0,0,0,0,0
0,12,0,0,0,31,0,0,0,0
0,0,0,0,31,0,0,0,38,0
0,14,0,0,0,0,0,0,0,0
0,0,22,0,0,0,0,0,0,0
0,0,0,0,0,38,0,0,0,0
9,0,0,0,0,0,0,0,0,0

Krawędzie: 41 12 10 45 09 16 27 23 58 
Waga: 155


Drzewo nr: 12

0,1,0,0,0,0,0,7,0,0
1,0,10,11,0,0,14,0,16,0
0,10,0,0,0,0,0,0,0,0
0,11,0,0,0,26,0,0,0,0
0,0,0,0,0,31,0,0,0,0
0,0,0,26,31,0,0,0,0,39
0,14,0,0,0,0,0,0,0,0
7,0,0,0,0,0,0,0,0,0
0,16,0,0,0,0,0,0,0,0
0,0,0,0,0,39,0,0,0,0

Krawędzie: 10 13 18 16 12 35 54 07 59 
Waga: 155


Drzewo nr: 13

0,0,0,3,0,0,0,7,8,0
0,0,0,0,12,0,0,0,0,0
0,0,0,0,19,20,0,0,0,0
3,0,0,0,25,0,0,0,0,30
0,12,19,25,0,0,0,0,0,0
0,0,20,0,0,0,0,0,0,0
0,0,0,0,0,0,0,0,41,0
7,0,0,0,0,0,0,0,0,0
8,0,0,0,0,0,41,0,0,0
0,0,0,30,0,0,0,0,0,0

Krawędzie: 70 03 34 08 41 86 42 25 39 
Waga: 165


Drzewo nr: 14

0,0,2,3,0,0,0,7,0,9
0,0,0,0,0,0,0,0,0,17
2,0,0,0,0,0,0,0,0,0
3,0,0,0,0,26,0,0,29,0
0,0,0,0,0,31,0,0,0,0
0,0,0,26,31,0,0,0,0,0
0,0,0,0,0,0,0,0,0,42
7,0,0,0,0,0,0,0,0,0
0,0,0,29,0,0,0,0,0,0
9,17,0,0,0,0,42,0,0,0

Krawędzie: 09 96 02 03 35 91 54 07 38 
Waga: 166


Drzewo nr: 15

0,0,0,0,0,5,6,7,0,9
0,0,0,0,12,0,0,0,0,0
0,0,0,0,0,0,0,0,0,24
0,0,0,0,0,0,0,0,0,30
0,12,0,0,0,0,0,33,0,0
5,0,0,0,0,0,0,0,0,0
6,0,0,0,0,0,0,0,41,0
7,0,0,0,33,0,0,0,0,0
0,0,0,0,0,0,41,0,0,0
9,0,24,30,0,0,0,0,0,0

Krawędzie: 09 92 07 05 06 68 74 41 93 
Waga: 167


Drzewo nr: 16

0,1,2,0,0,0,0,0,0,0
1,0,0,11,0,13,0,0,0,17
2,0,0,0,0,0,21,0,0,0
0,11,0,0,0,0,0,28,0,0
0,0,0,0,0,31,0,0,0,0
0,13,0,0,31,0,0,0,0,0
0,0,21,0,0,0,0,0,0,0
0,0,0,28,0,0,0,0,43,0
0,0,0,0,0,0,0,43,0,0
0,17,0,0,0,0,0,0,0,0

Krawędzie: 31 10 19 15 54 02 37 26 78 
Waga: 167


Drzewo nr: 17

0,0,2,0,4,0,0,0,0,0
0,0,10,0,0,13,0,0,16,0
2,10,0,18,0,0,0,22,0,0
0,0,18,0,0,0,0,0,0,0
4,0,0,0,0,0,0,0,0,0
0,13,0,0,0,0,0,0,0,0
0,0,0,0,0,0,0,0,41,0
0,0,22,0,0,0,0,0,0,0
0,16,0,0,0,0,41,0,0,45
0,0,0,0,0,0,0,0,45,0

Krawędzie: 12 15 18 86 20 23 89 27 04 
Waga: 171


Drzewo nr: 18

0,0,0,3,0,0,0,0,0,0
0,0,0,0,12,13,14,0,16,0
0,0,0,0,0,0,0,22,0,24
3,0,0,0,25,0,0,0,0,0
0,12,0,25,0,0,0,0,0,0
0,13,0,0,0,0,0,0,0,0
0,14,0,0,0,0,0,0,0,42
0,0,22,0,0,0,0,0,0,0
0,16,0,0,0,0,0,0,0,0
0,0,24,0,0,0,42,0,0,0

Krawędzie: 61 14 43 30 15 69 92 18 27 
Waga: 171


Drzewo nr: 19

0,0,0,3,0,5,0,0,0,0
0,0,0,0,0,13,0,0,16,0
0,0,0,0,0,0,21,22,0,24
3,0,0,0,0,0,0,0,0,0
0,0,0,0,0,0,32,0,0,0
5,13,0,0,0,0,36,0,0,0
0,0,21,0,32,36,0,0,0,0
0,0,22,0,0,0,0,0,0,0
0,16,0,0,0,0,0,0,0,0
0,0,24,0,0,0,0,0,0,0

Krawędzie: 50 56 51 62 64 29 27 18 03 
Waga: 172


Drzewo nr: 20

0,0,2,0,0,5,0,0,0,0
0,0,0,0,12,0,0,0,0,0
2,0,0,0,19,0,21,0,23,0
0,0,0,0,0,0,0,28,0,30
0,12,19,0,0,0,0,33,0,0
5,0,0,0,0,0,0,0,0,0
0,0,21,0,0,0,0,0,0,0
0,0,0,28,33,0,0,0,0,0
0,0,23,0,0,0,0,0,0,0
0,0,0,30,0,0,0,0,0,0

Krawędzie: 82 24 41 20 47 26 73 05 39 
Waga: 173


Drzewo nr: 21

0,0,0,0,0,0,0,0,0,9
0,0,10,0,0,0,14,0,0,0
0,10,0,0,19,20,0,0,23,24
0,0,0,0,0,26,0,28,0,0
0,0,19,0,0,0,0,0,0,0
0,0,20,26,0,0,0,0,0,0
0,14,0,0,0,0,0,0,0,0
0,0,0,28,0,0,0,0,0,0
0,0,23,0,0,0,0,0,0,0
9,0,24,0,0,0,0,0,0,0

Krawędzie: 25 28 24 21 29 53 90 16 37 
Waga: 173


Drzewo nr: 22

0,0,0,0,0,5,0,0,8,0
0,0,0,11,12,0,0,0,0,17
0,0,0,18,0,0,0,0,0,0
0,11,18,0,0,26,0,0,0,0
0,12,0,0,0,0,0,0,0,0
5,0,0,26,0,0,36,0,0,0
0,0,0,0,0,36,0,40,0,0
0,0,0,0,0,0,40,0,0,0
8,0,0,0,0,0,0,0,0,0
0,17,0,0,0,0,0,0,0,0

Krawędzie: 31 35 50 19 08 14 56 67 32 
Waga: 173


Drzewo nr: 23

0,0,0,0,0,5,0,0,0,0
0,0,0,0,12,0,14,0,16,17
0,0,0,0,0,0,0,22,0,0
0,0,0,0,25,0,0,0,0,0
0,12,0,25,0,31,0,33,0,0
5,0,0,0,31,0,0,0,0,0
0,14,0,0,0,0,0,0,0,0
0,0,22,0,33,0,0,0,0,0
0,16,0,0,0,0,0,0,0,0
0,17,0,0,0,0,0,0,0,0

Krawędzie: 74 43 72 45 50 41 16 19 18 
Waga: 175


Drzewo nr: 24

0,0,0,0,4,5,0,0,0,0
0,0,0,11,0,0,0,15,16,0
0,0,0,0,19,0,0,0,23,0
0,11,0,0,0,0,0,0,0,0
4,0,19,0,0,0,0,0,0,0
5,0,0,0,0,0,0,0,0,0
0,0,0,0,0,0,0,0,41,0
0,15,0,0,0,0,0,0,0,0
0,16,23,0,0,0,41,0,0,45
0,0,0,0,0,0,0,0,45,0

Krawędzie: 86 82 81 13 24 40 17 89 05 
Waga: 179


Drzewo nr: 25

0,0,2,0,0,0,0,0,0,0
0,0,10,0,0,0,0,15,16,0
2,10,0,18,0,20,0,0,0,0
0,0,18,0,0,0,27,0,0,0
0,0,0,0,0,0,32,0,0,0
0,0,20,0,0,0,0,0,0,39
0,0,0,27,32,0,0,0,0,0
0,15,0,0,0,0,0,0,0,0
0,16,0,0,0,0,0,0,0,0
0,0,0,0,0,39,0,0,0,0

Krawędzie: 36 32 21 17 64 25 59 18 20 
Waga: 179


Drzewo nr: 26

0,0,2,0,0,0,6,0,0,9
0,0,0,0,0,0,0,15,16,0
2,0,0,0,0,0,0,0,0,0
0,0,0,0,0,0,27,0,0,0
0,0,0,0,0,0,32,0,0,0
0,0,0,0,0,0,36,37,0,0
6,0,0,27,32,36,0,0,0,0
0,15,0,0,0,37,0,0,0,0
0,16,0,0,0,0,0,0,0,0
9,0,0,0,0,0,0,0,0,0

Krawędzie: 57 56 71 60 18 64 02 09 63 
Waga: 180


Drzewo nr: 27

0,0,0,0,0,5,0,0,8,0
0,0,0,0,0,13,14,0,0,0
0,0,0,18,0,0,0,0,0,0
0,0,18,0,25,0,0,0,0,0
0,0,0,25,0,31,0,0,0,35
5,13,0,0,31,0,0,37,0,0
0,14,0,0,0,0,0,0,0,0
0,0,0,0,0,37,0,0,0,0
8,0,0,0,0,0,0,0,0,0
0,0,0,0,35,0,0,0,0,0

Krawędzie: 45 50 51 43 08 57 16 49 32 
Waga: 186


Drzewo nr: 28

0,0,0,3,4,0,0,0,0,0
0,0,0,0,0,13,0,0,16,17
0,0,0,18,0,0,0,0,0,0
3,0,18,0,0,0,0,0,0,30
4,0,0,0,0,0,0,0,0,0
0,13,0,0,0,0,0,0,0,0
0,0,0,0,0,0,0,0,0,42
0,0,0,0,0,0,0,0,43,0
0,16,0,0,0,0,0,43,0,0
0,17,0,30,0,0,42,0,0,0

Krawędzie: 19 93 30 04 18 96 15 87 32 
Waga: 186


Drzewo nr: 29

0,1,0,3,4,0,0,0,0,0
1,0,0,0,0,0,14,0,0,0
0,0,0,0,0,0,0,22,0,0
3,0,0,0,0,0,0,0,0,0
4,0,0,0,0,31,0,33,0,0
0,0,0,0,31,0,0,0,38,0
0,14,0,0,0,0,0,0,0,0
0,0,22,0,33,0,0,0,0,0
0,0,0,0,0,38,0,0,0,45
0,0,0,0,0,0,0,0,45,0

Krawędzie: 01 04 47 45 58 03 72 16 89 
Waga: 191


Drzewo nr: 30

0,0,0,0,0,5,0,7,0,9
0,0,0,0,0,0,0,0,16,0
0,0,0,0,0,0,21,0,23,0
0,0,0,0,0,0,0,0,0,30
0,0,0,0,0,0,0,0,0,35
5,0,0,0,0,0,0,0,0,0
0,0,21,0,0,0,0,0,0,0
7,0,0,0,0,0,0,0,0,0
0,16,23,0,0,0,0,0,0,45
9,0,0,30,35,0,0,0,45,0

Krawędzie: 18 82 89 90 26 07 93 05 94 
Waga: 191


Drzewo nr: 31

0,0,0,0,4,0,0,0,0,0
0,0,10,0,0,0,14,15,16,0
0,10,0,0,0,0,0,0,0,0
0,0,0,0,0,0,27,0,0,0
4,0,0,0,0,31,32,0,0,0
0,0,0,0,31,0,0,0,0,0
0,14,0,27,32,0,0,0,0,42
0,15,0,0,0,0,0,0,0,0
0,16,0,0,0,0,0,0,0,0
0,0,0,0,0,0,42,0,0,0

Krawędzie: 16 64 45 69 12 17 63 40 18 
Waga: 191


Drzewo nr: 32

0,0,2,0,4,5,0,0,0,0
0,0,0,0,0,0,0,15,16,0
2,0,0,0,0,0,0,0,0,0
0,0,0,0,0,26,0,0,0,0
4,0,0,0,0,0,0,0,0,0
5,0,0,26,0,0,0,0,38,0
0,0,0,0,0,0,0,0,41,0
0,15,0,0,0,0,0,0,0,0
0,16,0,0,0,38,41,0,0,45
0,0,0,0,0,0,0,0,45,0

Krawędzie: 85 50 04 02 81 53 86 17 89 
Waga: 192


Drzewo nr: 33

0,0,0,0,0,0,0,7,8,0
0,0,0,11,12,0,0,0,0,0
0,0,0,0,19,0,0,0,23,0
0,11,0,0,0,0,0,0,0,0
0,12,19,0,0,0,0,0,0,35
0,0,0,0,0,0,36,0,0,0
0,0,0,0,0,36,0,0,41,0
7,0,0,0,0,0,0,0,0,0
8,0,23,0,0,0,41,0,0,0
0,0,0,0,35,0,0,0,0,0

Krawędzie: 41 42 28 49 13 80 86 07 65 
Waga: 192


Drzewo nr: 34

0,0,0,0,4,5,0,0,0,0
0,0,0,0,0,0,14,0,16,0
0,0,0,18,0,0,21,0,0,0
0,0,18,0,0,0,0,0,0,0
4,0,0,0,0,0,32,0,0,0
5,0,0,0,0,0,0,0,0,0
0,14,21,0,32,0,0,40,0,0
0,0,0,0,0,0,40,0,0,0
0,16,0,0,0,0,0,0,0,45
0,0,0,0,0,0,0,0,45,0

Krawędzie: 16 62 18 67 23 64 89 40 05 
Waga: 195


Drzewo nr: 35

0,0,0,3,0,0,0,7,0,0
0,0,0,0,0,0,0,0,16,0
0,0,0,0,0,20,0,0,23,24
3,0,0,0,0,26,0,0,0,0
0,0,0,0,0,0,0,0,0,35
0,0,20,26,0,0,0,0,0,0
0,0,0,0,0,0,0,0,41,0
7,0,0,0,0,0,0,0,0,0
0,16,23,0,0,0,41,0,0,0
0,0,24,0,35,0,0,0,0,0

Krawędzie: 52 29 28 81 53 30 94 86 07 
Waga: 195


Drzewo nr: 36

0,0,0,0,4,0,6,0,8,0
0,0,0,0,12,0,0,0,0,0
0,0,0,0,0,0,0,22,0,0
0,0,0,0,0,0,0,0,29,0
4,12,0,0,0,0,0,0,0,0
0,0,0,0,0,0,0,37,38,39
6,0,0,0,0,0,0,0,0,0
0,0,22,0,0,37,0,0,0,0
8,0,0,29,0,38,0,0,0,0
0,0,0,0,0,39,0,0,0,0

Krawędzie: 40 08 06 85 59 57 72 83 41 
Waga: 195


Drzewo nr: 37

0,0,0,3,0,5,0,0,0,0
0,0,10,0,0,13,0,0,0,0
0,10,0,0,0,0,0,0,23,0
3,0,0,0,0,0,0,0,0,0
0,0,0,0,0,31,0,0,0,35
5,13,0,0,31,0,36,0,0,0
0,0,0,0,0,36,0,40,0,0
0,0,0,0,0,0,40,0,0,0
0,0,23,0,0,0,0,0,0,0
0,0,0,0,35,0,0,0,0,0

Krawędzie: 54 51 12 49 56 67 28 50 03 
Waga: 196


Drzewo nr: 38

0,0,0,0,0,0,0,0,8,0
0,0,10,11,0,0,0,15,16,0
0,10,0,0,0,0,0,0,0,0
0,11,0,0,0,26,0,0,0,0
0,0,0,0,0,0,32,0,34,0
0,0,0,26,0,0,0,0,0,0
0,0,0,0,32,0,0,0,0,0
0,15,0,0,0,0,0,0,0,44
8,16,0,0,34,0,0,0,0,0
0,0,0,0,0,0,0,44,0,0

Krawędzie: 97 71 13 35 18 80 84 46 12 
Waga: 196


Drzewo nr: 39

0,0,2,0,0,0,6,0,0,0
0,0,0,11,0,0,0,0,0,0
2,0,0,0,19,0,0,0,0,0
0,11,0,0,0,0,0,28,29,30
0,0,19,0,0,0,0,0,34,0
0,0,0,0,0,0,0,0,38,0
6,0,0,0,0,0,0,0,0,0
0,0,0,28,0,0,0,0,0,0
0,0,0,29,34,38,0,0,0,0
0,0,0,30,0,0,0,0,0,0

Krawędzie: 31 38 39 84 85 37 42 20 06 
Waga: 197


Drzewo nr: 40

0,0,0,3,0,0,0,7,0,0
0,0,0,0,0,0,0,0,16,0
0,0,0,0,19,0,0,0,0,0
3,0,0,0,0,26,27,0,29,0
0,0,19,0,0,0,0,33,0,0
0,0,0,26,0,0,0,0,0,39
0,0,0,27,0,0,0,0,0,0
7,0,0,0,33,0,0,0,0,0
0,16,0,29,0,0,0,0,0,0
0,0,0,0,0,39,0,0,0,0

Krawędzie: 35 38 59 30 36 81 07 74 42 
Waga: 199


Drzewo nr: 41

0,0,2,0,0,0,0,0,0,0
0,0,0,0,0,13,0,0,16,0
2,0,0,0,0,20,21,0,0,0
0,0,0,0,25,0,0,0,0,0
0,0,0,25,0,31,0,0,0,35
0,13,20,0,31,0,0,0,0,0
0,0,21,0,0,0,0,40,0,0
0,0,0,0,0,0,40,0,0,0
0,16,0,0,0,0,0,0,0,0
0,0,0,0,35,0,0,0,0,0

Krawędzie: 45 52 20 26 51 49 67 18 43 
Waga: 203


Drzewo nr: 42

0,1,0,0,0,0,0,0,0,0
1,0,10,11,0,0,0,0,0,0
0,10,0,0,19,0,0,0,0,0
0,11,0,0,0,26,27,0,0,30
0,0,19,0,0,0,0,0,0,0
0,0,0,26,0,0,0,0,0,0
0,0,0,27,0,0,0,40,41,0
0,0,0,0,0,0,40,0,0,0
0,0,0,0,0,0,41,0,0,0
0,0,0,30,0,0,0,0,0,0

Krawędzie: 39 36 35 68 31 10 67 12 24 
Waga: 205


Drzewo nr: 43

0,0,2,0,0,0,6,0,0,0
0,0,0,0,12,0,0,15,0,17
2,0,0,0,0,0,0,0,0,0
0,0,0,0,0,0,0,0,29,0
0,12,0,0,0,0,0,0,0,0
0,0,0,0,0,0,0,0,0,39
6,0,0,0,0,0,0,0,0,42
0,15,0,0,0,0,0,0,0,0
0,0,0,29,0,0,0,0,0,45
0,17,0,0,0,39,42,0,45,0

Krawędzie: 98 91 14 17 96 60 83 95 02 
Waga: 207


Drzewo nr: 44

0,0,2,0,0,0,6,0,8,0
0,0,0,0,0,0,0,0,0,17
2,0,0,0,0,0,0,0,0,0
0,0,0,0,25,0,0,0,0,0
0,0,0,25,0,0,0,0,34,0
0,0,0,0,0,0,36,37,0,0
6,0,0,0,0,36,0,0,0,42
0,0,0,0,0,37,0,0,0,0
8,0,0,0,34,0,0,0,0,0
0,17,0,0,0,0,42,0,0,0

Krawędzie: 69 60 08 65 84 57 02 43 91 
Waga: 207


Drzewo nr: 45

0,0,2,0,0,0,0,0,0,0
0,0,0,11,0,0,14,0,0,0
2,0,0,0,0,20,21,0,23,0
0,11,0,0,0,0,0,0,0,0
0,0,0,0,0,0,32,0,0,0
0,0,20,0,0,0,0,0,0,0
0,14,21,0,32,0,0,0,0,42
0,0,0,0,0,0,0,0,0,44
0,0,23,0,0,0,0,0,0,0
0,0,0,0,0,0,42,44,0,0

Krawędzie: 16 62 28 69 13 97 25 20 64 
Waga: 209


Drzewo nr: 46

0,0,0,0,4,0,0,0,8,0
0,0,0,0,0,0,14,0,0,0
0,0,0,0,0,0,0,0,23,0
0,0,0,0,25,0,0,0,0,0
4,0,0,25,0,31,32,0,0,35
0,0,0,0,31,0,0,0,0,0
0,14,0,0,32,0,0,40,0,0
0,0,0,0,0,0,40,0,0,0
8,0,23,0,0,0,0,0,0,0
0,0,0,0,35,0,0,0,0,0

Krawędzie: 04 46 67 61 08 43 82 49 45 
Waga: 212


Drzewo nr: 47

0,0,2,0,4,0,6,0,0,0
0,0,0,0,0,0,0,15,0,0
2,0,0,0,0,0,0,0,0,0
0,0,0,0,0,0,27,0,0,0
4,0,0,0,0,0,0,0,0,0
0,0,0,0,0,0,36,0,0,39
6,0,0,27,0,36,0,0,41,0
0,15,0,0,0,0,0,0,43,0
0,0,0,0,0,0,41,43,0,0
0,0,0,0,0,39,0,0,0,0

Krawędzie: 68 63 60 02 65 59 87 71 04 
Waga: 213


Drzewo nr: 48

0,0,0,0,0,5,0,7,0,0
0,0,0,0,12,0,0,0,0,0
0,0,0,0,0,20,0,0,0,0
0,0,0,0,25,0,0,0,29,0
0,12,0,25,0,0,32,0,0,0
5,0,20,0,0,0,0,0,38,0
0,0,0,0,32,0,0,0,0,0
7,0,0,0,0,0,0,0,0,0
0,0,0,29,0,38,0,0,0,45
0,0,0,0,0,0,0,0,45,0

Krawędzie: 83 89 34 41 46 85 50 07 52 
Waga: 213


Drzewo nr: 49

0,0,0,0,4,0,0,0,0,0
0,0,10,0,12,0,0,0,0,0
0,10,0,0,0,0,0,0,0,0
0,0,0,0,25,26,0,28,0,0
4,12,0,25,0,0,0,0,34,35
0,0,0,26,0,0,0,0,0,0
0,0,0,0,0,0,0,40,0,0
0,0,0,28,0,0,40,0,0,0
0,0,0,0,34,0,0,0,0,0
0,0,0,0,35,0,0,0,0,0

Krawędzie: 34 35 48 41 40 12 37 49 76 
Waga: 214


Drzewo nr: 50

0,0,0,0,0,0,0,7,0,9
0,0,10,0,0,0,0,0,0,0
0,10,0,0,0,0,21,0,0,24
0,0,0,0,0,0,27,0,0,0
0,0,0,0,0,0,32,0,0,0
0,0,0,0,0,0,0,0,0,39
0,0,21,27,32,0,0,0,0,0
7,0,0,0,0,0,0,0,0,0
0,0,0,0,0,0,0,0,0,45
9,0,24,0,0,39,0,0,45,0

Krawędzie: 92 90 07 26 63 64 95 21 98 
Waga: 214


Drzewo nr: 51

0,1,0,0,0,0,0,7,0,9
1,0,10,0,0,0,0,0,0,0
0,10,0,0,0,0,0,0,0,0
0,0,0,0,0,0,0,0,29,0
0,0,0,0,0,0,0,0,0,35
0,0,0,0,0,0,0,0,38,0
0,0,0,0,0,0,0,0,41,0
7,0,0,0,0,0,0,0,0,0
0,0,0,29,0,38,41,0,0,45
9,0,0,0,35,0,0,0,45,0

Krawędzie: 09 98 01 94 12 83 86 07 85 
Waga: 215


Drzewo nr: 52

0,0,0,0,0,0,0,0,8,0
0,0,0,0,0,0,0,15,0,0
0,0,0,0,0,0,0,22,23,0
0,0,0,0,25,0,27,28,0,30
0,0,0,25,0,0,0,0,0,0
0,0,0,0,0,0,0,37,0,0
0,0,0,27,0,0,0,0,0,0
0,15,22,28,0,37,0,0,0,0
8,0,23,0,0,0,0,0,0,0
0,0,0,30,0,0,0,0,0,0

Krawędzie: 27 73 28 34 80 36 39 71 75 
Waga: 215


Drzewo nr: 53

0,0,2,0,0,0,0,0,0,0
0,0,0,11,0,0,0,0,0,0
2,0,0,0,0,0,21,0,0,0
0,11,0,0,0,0,27,28,29,30
0,0,0,0,0,0,32,0,0,0
0,0,0,0,0,0,36,0,0,0
0,0,21,27,32,36,0,0,0,0
0,0,0,28,0,0,0,0,0,0
0,0,0,29,0,0,0,0,0,0
0,0,0,30,0,0,0,0,0,0

Krawędzie: 63 62 37 31 39 64 38 20 65 
Waga: 216


Drzewo nr: 54

0,0,0,0,0,0,0,0,8,0
0,0,10,0,0,13,0,0,16,0
0,10,0,0,0,0,0,0,0,0
0,0,0,0,0,0,0,28,29,0
0,0,0,0,0,31,0,0,0,0
0,13,0,0,31,0,36,0,0,0
0,0,0,0,0,36,0,0,0,0
0,0,0,28,0,0,0,0,0,0
8,16,0,29,0,0,0,0,0,45
0,0,0,0,0,0,0,0,45,0

Krawędzie: 81 15 56 12 83 80 54 89 37 
Waga: 216


Drzewo nr: 55

0,0,0,0,0,0,0,7,8,0
0,0,0,0,0,0,0,15,0,0
0,0,0,0,0,0,0,0,23,0
0,0,0,0,0,0,0,28,0,30
0,0,0,0,0,31,0,0,0,35
0,0,0,0,31,0,0,0,0,0
0,0,0,0,0,0,0,40,0,0
7,15,0,28,0,0,40,0,0,0
8,0,23,0,0,0,0,0,0,0
0,0,0,30,35,0,0,0,0,0

Krawędzie: 17 73 70 76 39 94 45 08 82 
Waga: 217


Drzewo nr: 56

0,0,2,0,0,0,0,0,0,0
0,0,10,11,12,0,0,0,16,0
2,10,0,0,0,0,0,0,0,0
0,11,0,0,0,0,0,0,0,0
0,12,0,0,0,0,0,0,0,0
0,0,0,0,0,0,0,37,0,0
0,0,0,0,0,0,0,0,41,0
0,0,0,0,0,37,0,0,43,0
0,16,0,0,0,0,41,43,0,45
0,0,0,0,0,0,0,0,45,0

Krawędzie: 12 13 18 87 89 75 86 14 20 
Waga: 217


Drzewo nr: 57

0,0,0,3,0,0,0,0,0,0
0,0,0,0,12,0,0,0,0,0
0,0,0,0,19,20,0,22,0,0
3,0,0,0,0,0,27,0,0,0
0,12,19,0,0,0,0,0,34,0
0,0,20,0,0,0,0,0,0,0
0,0,0,27,0,0,0,40,0,42
0,0,22,0,0,0,40,0,0,0
0,0,0,0,34,0,0,0,0,0
0,0,0,0,0,0,42,0,0,0

Krawędzie: 72 24 76 48 63 69 41 25 30 
Waga: 219


Drzewo nr: 58

0,0,0,0,4,0,0,0,0,0
0,0,0,0,12,0,0,15,0,0
0,0,0,0,19,0,0,0,0,0
0,0,0,0,0,0,27,0,0,0
4,12,19,0,0,31,32,0,34,0
0,0,0,0,31,0,0,0,0,0
0,0,0,27,32,0,0,0,0,0
0,15,0,0,0,0,0,0,0,0
0,0,0,0,34,0,0,0,0,45
0,0,0,0,0,0,0,0,45,0

Krawędzie: 84 46 40 41 42 89 63 17 45 
Waga: 219


Drzewo nr: 59

0,0,0,0,4,0,0,0,8,0
0,0,10,0,12,0,0,0,0,0
0,10,0,0,0,0,0,0,0,0
0,0,0,0,25,0,0,0,0,0
4,12,0,25,0,0,0,0,0,0
0,0,0,0,0,0,0,37,38,0
0,0,0,0,0,0,0,0,41,0
0,0,0,0,0,37,0,0,0,0
8,0,0,0,0,38,41,0,0,45
0,0,0,0,0,0,0,0,45,0

Krawędzie: 21 14 40 43 08 89 86 85 57 
Waga: 220


Drzewo nr: 60

0,0,0,0,0,0,6,0,0,0
0,0,0,0,12,0,0,15,0,0
0,0,0,0,19,0,0,0,0,0
0,0,0,0,25,26,0,0,0,0
0,12,19,25,0,0,32,0,0,0
0,0,0,26,0,0,0,0,0,0
6,0,0,0,32,0,0,0,41,0
0,15,0,0,0,0,0,0,0,0
0,0,0,0,0,0,41,0,0,45
0,0,0,0,0,0,0,0,45,0

Krawędzie: 43 42 41 46 35 68 17 60 89 
Waga: 221


Drzewo nr: 61

0,1,0,0,0,0,0,7,0,0
1,0,0,0,0,13,0,0,0,0
0,0,0,0,0,0,0,0,0,24
0,0,0,0,0,0,0,0,29,30
0,0,0,0,0,0,32,0,0,0
0,13,0,0,0,0,0,0,0,0
0,0,0,0,32,0,0,0,0,42
7,0,0,0,0,0,0,0,0,44
0,0,0,29,0,0,0,0,0,0
0,0,24,30,0,0,42,44,0,0

Krawędzie: 69 92 64 97 70 01 15 93 38 
Waga: 222


Drzewo nr: 62

0,1,0,0,0,0,0,0,8,0
1,0,0,0,0,0,0,0,0,0
0,0,0,0,19,0,0,0,0,0
0,0,0,0,0,26,27,0,0,0
0,0,19,0,0,0,32,33,34,0
0,0,0,26,0,0,0,0,0,0
0,0,0,27,32,0,0,0,0,42
0,0,0,0,33,0,0,0,0,0
8,0,0,0,34,0,0,0,0,0
0,0,0,0,0,0,42,0,0,0

Krawędzie: 64 63 48 69 35 47 80 01 42 
Waga: 222


Drzewo nr: 63

0,0,2,0,0,0,0,0,0,0
0,0,0,11,12,0,0,0,0,0
2,0,0,18,0,0,0,0,0,0
0,11,18,0,0,0,0,0,29,0
0,12,0,0,0,0,0,33,0,0
0,0,0,0,0,0,36,37,0,0
0,0,0,0,0,36,0,0,0,0
0,0,0,0,33,37,0,0,0,0
0,0,0,29,0,0,0,0,0,45
0,0,0,0,0,0,0,0,45,0

Krawędzie: 13 14 47 75 32 56 38 20 89 
Waga: 223


Drzewo nr: 64

0,0,0,0,0,0,6,0,0,0
0,0,0,0,0,13,0,15,0,0
0,0,0,0,19,0,0,0,0,24
0,0,0,0,0,0,0,0,29,0
0,0,19,0,0,0,0,0,34,0
0,13,0,0,0,0,0,0,0,0
6,0,0,0,0,0,0,0,41,0
0,15,0,0,0,0,0,0,43,0
0,0,0,29,34,0,41,43,0,0
0,0,24,0,0,0,0,0,0,0

Krawędzie: 68 87 60 71 15 84 42 83 29 
Waga: 224


Drzewo nr: 65

0,0,0,0,0,0,6,0,0,0
0,0,0,11,0,0,0,0,0,0
0,0,0,0,19,0,0,0,23,0
0,11,0,0,0,0,27,0,29,30
0,0,19,0,0,0,0,0,0,0
0,0,0,0,0,0,0,0,0,39
6,0,0,27,0,0,0,40,0,0
0,0,0,0,0,0,40,0,0,0
0,0,23,29,0,0,0,0,0,0
0,0,0,30,0,39,0,0,0,0

Krawędzie: 36 39 60 38 82 67 95 24 31 
Waga: 224


Drzewo nr: 66

0,0,0,3,0,0,0,0,0,0
0,0,0,0,0,0,0,0,16,17
0,0,0,0,0,0,21,0,0,0
3,0,0,0,0,26,0,0,0,0
0,0,0,0,0,31,0,33,0,0
0,0,0,26,31,0,36,0,0,0
0,0,21,0,0,36,0,0,41,0
0,0,0,0,33,0,0,0,0,0
0,16,0,0,0,0,41,0,0,0
0,17,0,0,0,0,0,0,0,0

Krawędzie: 45 56 53 68 47 81 62 19 30 
Waga: 224


Drzewo nr: 67

0,0,0,3,0,0,0,0,0,9
0,0,10,0,0,0,0,0,0,0
0,10,0,0,0,0,0,22,23,0
3,0,0,0,0,0,0,0,0,0
0,0,0,0,0,0,0,0,34,0
0,0,0,0,0,0,0,0,38,0
0,0,0,0,0,0,0,0,0,42
0,0,22,0,0,0,0,0,0,0
0,0,23,0,34,38,0,0,0,45
9,0,0,0,0,0,42,0,45,0

Krawędzie: 98 85 82 27 90 96 84 03 21 
Waga: 226


Drzewo nr: 68

0,0,2,0,4,0,0,0,0,0
0,0,0,11,0,0,0,0,0,0
2,0,0,0,0,0,0,0,0,0
0,11,0,0,25,0,0,0,0,0
4,0,0,25,0,0,32,0,0,0
0,0,0,0,0,0,36,37,0,39
0,0,0,0,32,36,0,0,41,0
0,0,0,0,0,37,0,0,0,0
0,0,0,0,0,0,41,0,0,0
0,0,0,0,0,39,0,0,0,0

Krawędzie: 46 40 65 59 43 31 02 68 57 
Waga: 227


Drzewo nr: 69

0,0,0,0,0,5,0,0,0,0
0,0,10,0,0,0,14,0,0,0
0,10,0,0,0,0,0,0,0,0
0,0,0,0,0,26,27,0,29,0
0,0,0,0,0,0,0,0,34,0
5,0,0,26,0,0,0,0,0,39
0,14,0,27,0,0,0,0,0,0
0,0,0,0,0,0,0,0,43,0
0,0,0,29,34,0,0,43,0,0
0,0,0,0,0,39,0,0,0,0

Krawędzie: 38 35 84 36 61 59 87 50 12 
Waga: 227


Drzewo nr: 70

0,0,0,0,0,5,0,0,0,0
0,0,0,0,0,0,0,15,0,0
0,0,0,0,19,0,21,22,0,0
0,0,0,0,25,0,0,0,0,0
0,0,19,25,0,0,0,0,0,0
5,0,0,0,0,0,0,37,0,39
0,0,21,0,0,0,0,0,0,0
0,15,22,0,0,37,0,0,0,0
0,0,0,0,0,0,0,0,0,45
0,0,0,0,0,39,0,0,45,0

Krawędzie: 75 72 24 59 71 98 26 50 43 
Waga: 228


Drzewo nr: 71

0,1,0,0,0,0,0,0,0,0
1,0,0,0,12,0,0,0,0,0
0,0,0,0,19,0,21,0,0,0
0,0,0,0,0,0,27,0,0,0
0,12,19,0,0,0,0,0,34,35
0,0,0,0,0,0,36,0,0,0
0,0,21,27,0,36,0,0,0,0
0,0,0,0,0,0,0,0,0,44
0,0,0,0,34,0,0,0,0,0
0,0,0,0,35,0,0,44,0,0

Krawędzie: 42 49 48 41 26 65 63 97 10 
Waga: 229


Drzewo nr: 72

0,0,0,0,0,5,0,0,8,0
0,0,0,0,0,0,0,0,16,0
0,0,0,0,0,0,0,22,0,0
0,0,0,0,25,0,0,0,0,0
0,0,0,25,0,31,0,0,0,0
5,0,0,0,31,0,0,37,0,0
0,0,0,0,0,0,0,0,41,0
0,0,22,0,0,37,0,0,0,44
8,16,0,0,0,0,41,0,0,0
0,0,0,0,0,0,0,44,0,0

Krawędzie: 54 57 72 79 50 43 08 81 86 
Waga: 229


Drzewo nr: 73

0,0,2,0,0,0,0,0,0,0
0,0,0,0,12,0,0,0,0,0
2,0,0,0,0,0,21,22,0,0
0,0,0,0,0,0,0,0,0,30
0,12,0,0,0,0,32,0,34,0
0,0,0,0,0,0,0,37,0,39
0,0,21,0,32,0,0,0,0,0
0,0,22,0,0,37,0,0,0,0
0,0,0,0,34,0,0,0,0,0
0,0,0,30,0,39,0,0,0,0

Krawędzie: 26 64 27 75 59 41 48 93 20 
Waga: 229


Drzewo nr: 74

0,0,0,0,4,0,0,0,0,0
0,0,10,0,12,0,0,0,0,0
0,10,0,0,0,0,0,0,0,0
0,0,0,0,25,0,0,0,0,0
4,12,0,25,0,31,0,33,0,35
0,0,0,0,31,0,0,0,38,0
0,0,0,0,0,0,0,0,0,42
0,0,0,0,33,0,0,0,0,0
0,0,0,0,0,38,0,0,0,0
0,0,0,0,35,0,42,0,0,0

Krawędzie: 45 41 12 58 49 40 43 47 96 
Waga: 230


Drzewo nr: 75

0,0,0,0,0,0,0,0,0,9
0,0,0,0,0,13,0,0,0,0
0,0,0,0,0,20,0,22,0,0
0,0,0,0,25,0,0,0,29,0
0,0,0,25,0,0,0,0,0,0
0,13,20,0,0,0,36,0,38,39
0,0,0,0,0,36,0,0,0,0
0,0,22,0,0,0,0,0,0,0
0,0,0,29,0,38,0,0,0,0
9,0,0,0,0,39,0,0,0,0

Krawędzie: 95 52 51 58 83 90 27 34 56 
Waga: 231


Drzewo nr: 76

0,0,0,0,0,0,6,0,0,0
0,0,0,11,0,0,0,0,0,0
0,0,0,0,0,20,0,0,0,0
0,11,0,0,25,26,0,0,0,30
0,0,0,25,0,0,32,0,0,0
0,0,20,26,0,0,0,0,0,0
6,0,0,0,32,0,0,40,0,0
0,0,0,0,0,0,40,0,43,0
0,0,0,0,0,0,0,43,0,0
0,0,0,30,0,0,0,0,0,0

Krawędzie: 64 43 67 39 35 52 78 60 31 
Waga: 233


Drzewo nr: 77

0,0,0,3,0,0,0,0,0,0
0,0,0,0,12,0,14,0,0,0
0,0,0,0,0,0,21,0,0,0
3,0,0,0,0,0,27,0,0,0
0,12,0,0,0,0,0,0,34,0
0,0,0,0,0,0,36,0,0,0
0,14,21,27,0,36,0,0,0,42
0,0,0,0,0,0,0,0,0,44
0,0,0,0,34,0,0,0,0,0
0,0,0,0,0,0,42,44,0,0

Krawędzie: 56 61 63 14 48 30 69 62 97 
Waga: 233


Drzewo nr: 78

0,0,0,0,0,5,0,0,0,0
0,0,0,0,12,0,0,0,0,0
0,0,0,18,0,0,21,0,0,0
0,0,18,0,0,0,0,0,0,0
0,12,0,0,0,31,0,0,0,35
5,0,0,0,31,0,36,37,38,0
0,0,21,0,0,36,0,0,0,0
0,0,0,0,0,37,0,0,0,0
0,0,0,0,0,38,0,0,0,0
0,0,0,0,35,0,0,0,0,0

Krawędzie: 54 56 57 62 41 50 49 23 58 
Waga: 233


Drzewo nr: 79

0,0,0,0,0,0,0,0,8,0
0,0,10,0,0,0,0,0,0,0
0,10,0,0,0,0,0,22,0,0
0,0,0,0,25,0,27,0,0,0
0,0,0,25,0,31,0,33,0,35
0,0,0,0,31,0,0,0,0,0
0,0,0,27,0,0,0,0,0,0
0,0,22,0,33,0,0,0,43,0
8,0,0,0,0,0,0,43,0,0
0,0,0,0,35,0,0,0,0,0

Krawędzie: 47 49 78 43 80 36 72 45 21 
Waga: 234


Drzewo nr: 80

0,0,0,0,0,0,6,0,0,0
0,0,0,11,0,0,0,0,0,17
0,0,0,0,0,0,0,0,23,0
0,11,0,0,0,0,0,0,29,0
0,0,0,0,0,0,0,33,0,0
0,0,0,0,0,0,36,0,0,0
6,0,0,0,0,36,0,40,41,0
0,0,0,0,33,0,40,0,0,0
0,0,23,29,0,0,41,0,0,0
0,17,0,0,0,0,0,0,0,0

Krawędzie: 31 38 86 67 74 19 82 65 60 
Waga: 236


Drzewo nr: 81

0,0,0,0,4,0,0,0,0,0
0,0,0,0,0,0,0,15,0,0
0,0,0,18,0,0,0,0,0,0
0,0,18,0,0,0,27,28,0,0
4,0,0,0,0,31,0,0,34,0
0,0,0,0,31,0,0,37,0,0
0,0,0,27,0,0,0,0,0,42
0,15,0,28,0,37,0,0,0,0
0,0,0,0,34,0,0,0,0,0
0,0,0,0,0,0,42,0,0,0

Krawędzie: 73 71 75 36 54 40 69 32 48 
Waga: 236


Drzewo nr: 82

0,0,0,0,0,0,6,0,0,0
0,0,0,0,0,0,14,0,0,17
0,0,0,0,0,0,0,0,23,0
0,0,0,0,0,0,0,0,29,30
0,0,0,0,0,0,0,0,0,35
0,0,0,0,0,0,0,0,0,39
6,14,0,0,0,0,0,0,0,0
0,0,0,0,0,0,0,0,0,44
0,0,23,29,0,0,0,0,0,0
0,17,0,30,35,39,0,44,0,0

Krawędzie: 16 19 93 95 94 97 38 82 60 
Waga: 237


Drzewo nr: 83

0,0,0,0,0,5,0,0,0,0
0,0,0,0,0,0,0,0,0,17
0,0,0,18,19,0,0,0,0,24
0,0,18,0,0,0,0,0,0,0
0,0,19,0,0,0,0,33,0,0
5,0,0,0,0,0,36,0,0,0
0,0,0,0,0,36,0,0,41,0
0,0,0,0,33,0,0,0,0,0
0,0,0,0,0,0,41,0,0,45
0,17,24,0,0,0,0,0,45,0

Krawędzie: 29 91 23 98 24 86 47 65 50 
Waga: 238


Drzewo nr: 84

0,0,0,0,0,5,0,0,0,0
0,0,0,0,0,13,0,0,0,0
0,0,0,0,0,20,21,0,0,0
0,0,0,0,0,0,0,0,29,0
0,0,0,0,0,0,0,33,0,0
5,13,20,0,0,0,0,0,38,39
0,0,21,0,0,0,0,0,0,0
0,0,0,0,33,0,0,0,43,0
0,0,0,29,0,38,0,43,0,0
0,0,0,0,0,39,0,0,0,0

Krawędzie: 58 52 51 59 83 50 87 26 74 
Waga: 241


Drzewo nr: 85

0,0,0,0,0,5,0,0,0,0
0,0,0,0,0,0,14,0,0,0
0,0,0,18,0,0,0,0,0,0
0,0,18,0,25,0,0,0,29,0
0,0,0,25,0,0,32,0,0,0
5,0,0,0,0,0,36,0,0,0
0,14,0,0,32,36,0,40,0,42
0,0,0,0,0,0,40,0,0,0
0,0,0,29,0,0,0,0,0,0
0,0,0,0,0,0,42,0,0,0

Krawędzie: 67 69 64 43 38 65 32 61 50 
Waga: 241


Drzewo nr: 86

0,0,2,0,0,0,0,0,0,0
0,0,0,0,0,0,14,0,0,0
2,0,0,0,0,20,0,0,0,24
0,0,0,0,0,0,0,0,29,0
0,0,0,0,0,0,0,0,34,35
0,0,20,0,0,0,0,0,0,0
0,14,0,0,0,0,0,0,41,0
0,0,0,0,0,0,0,0,43,0
0,0,0,29,34,0,41,43,0,0
0,0,24,0,35,0,0,0,0,0

Krawędzie: 87 84 86 49 92 61 20 25 83 
Waga: 242


Drzewo nr: 87

0,0,2,3,0,0,0,0,0,0
0,0,0,0,0,0,0,0,16,0
2,0,0,0,0,0,0,0,0,0
3,0,0,0,0,0,0,0,29,0
0,0,0,0,0,0,0,33,0,0
0,0,0,0,0,0,0,37,0,39
0,0,0,0,0,0,0,40,0,0
0,0,0,0,33,37,40,0,43,0
0,16,0,29,0,0,0,43,0,0
0,0,0,0,0,39,0,0,0,0

Krawędzie: 18 83 87 74 30 76 75 59 02 
Waga: 242


Drzewo nr: 88

0,0,0,0,0,0,0,7,0,0
0,0,10,0,0,0,0,0,0,17
0,10,0,0,0,0,0,0,0,0
0,0,0,0,25,26,0,0,29,0
0,0,0,25,0,0,0,0,0,0
0,0,0,26,0,0,0,0,0,0
0,0,0,0,0,0,0,0,41,0
7,0,0,0,0,0,0,0,43,44
0,0,0,29,0,0,41,43,0,0
0,17,0,0,0,0,0,44,0,0

Krawędzie: 87 70 86 79 83 35 91 34 12 
Waga: 242


Drzewo nr: 89

0,0,0,0,0,0,0,0,8,0
0,0,0,0,0,0,0,0,16,0
0,0,0,0,19,0,21,0,0,0
0,0,0,0,0,0,0,28,29,0
0,0,19,0,0,0,0,0,0,0
0,0,0,0,0,0,0,37,0,0
0,0,21,0,0,0,0,40,0,0
0,0,0,28,0,37,40,0,0,0
8,16,0,29,0,0,0,0,0,45
0,0,0,0,0,0,0,0,45,0

Krawędzie: 73 38 76 89 62 75 81 80 24 
Waga: 243


Drzewo nr: 90

0,0,0,0,0,0,0,0,8,0
0,0,0,0,0,0,14,0,0,0
0,0,0,0,19,0,0,0,0,0
0,0,0,0,0,26,0,0,0,0
0,0,19,0,0,31,0,33,0,35
0,0,0,26,31,0,0,0,38,0
0,14,0,0,0,0,0,40,0,0
0,0,0,0,33,0,40,0,0,0
8,0,0,0,0,38,0,0,0,0
0,0,0,0,35,0,0,0,0,0

Krawędzie: 74 45 58 53 42 80 76 49 61 
Waga: 244


Drzewo nr: 91

0,1,2,0,0,0,0,0,0,0
1,0,0,0,0,0,0,0,0,0
2,0,0,0,0,0,0,0,0,24
0,0,0,0,0,0,27,0,0,0
0,0,0,0,0,0,32,0,0,35
0,0,0,0,0,0,0,0,38,0
0,0,0,27,32,0,0,0,0,0
0,0,0,0,0,0,0,0,43,0
0,0,0,0,0,38,0,43,0,45
0,0,24,0,35,0,0,0,45,0

Krawędzie: 36 64 49 92 20 98 01 87 85 
Waga: 247


Drzewo nr: 92

0,0,0,0,0,0,0,7,0,0
0,0,0,11,0,0,0,0,0,0
0,0,0,0,0,0,0,22,0,0
0,11,0,0,25,0,0,0,29,0
0,0,0,25,0,0,0,33,0,0
0,0,0,0,0,0,0,37,0,0
0,0,0,0,0,0,0,40,0,0
7,0,22,0,33,37,40,0,0,44
0,0,0,29,0,0,0,0,0,0
0,0,0,0,0,0,0,44,0,0

Krawędzie: 97 74 75 43 31 76 38 70 72 
Waga: 248


Drzewo nr: 93

0,0,0,3,0,0,0,0,8,0
0,0,0,0,0,0,0,0,0,17
0,0,0,0,0,0,21,0,0,0
3,0,0,0,0,0,0,0,0,0
0,0,0,0,0,0,0,0,0,35
0,0,0,0,0,0,0,0,0,39
0,0,21,0,0,0,0,0,41,42
0,0,0,0,0,0,0,0,43,0
8,0,0,0,0,0,41,43,0,0
0,17,0,0,35,39,42,0,0,0

Krawędzie: 68 69 62 87 91 94 95 80 03 
Waga: 249


Drzewo nr: 94

0,0,0,0,0,5,0,0,0,0
0,0,0,0,12,0,0,0,0,0
0,0,0,0,0,20,0,0,0,0
0,0,0,0,0,26,0,0,0,0
0,12,0,0,0,31,0,33,0,0
5,0,20,26,31,0,0,0,0,39
0,0,0,0,0,0,0,40,0,0
0,0,0,0,33,0,40,0,43,0
0,0,0,0,0,0,0,43,0,0
0,0,0,0,0,39,0,0,0,0

Krawędzie: 05 52 54 47 78 41 76 53 59 
Waga: 249


Drzewo nr: 95

0,0,0,0,0,0,0,7,0,0
0,0,0,11,0,0,0,0,0,0
0,0,0,0,0,0,21,0,0,24
0,11,0,0,0,0,0,0,29,0
0,0,0,0,0,0,0,0,0,35
0,0,0,0,0,0,0,37,0,0
0,0,21,0,0,0,0,0,0,0
7,0,0,0,0,37,0,0,0,44
0,0,0,29,0,0,0,0,0,45
0,0,24,0,35,0,0,44,45,0

Krawędzie: 75 79 92 98 83 26 70 31 94 
Waga: 253


Drzewo nr: 96

0,0,0,0,4,0,0,0,0,0
0,0,10,0,0,0,0,0,0,0
0,10,0,0,19,0,0,0,0,0
0,0,0,0,0,0,27,0,0,0
4,0,19,0,0,0,32,0,0,0
0,0,0,0,0,0,36,0,0,0
0,0,0,27,32,36,0,40,0,0
0,0,0,0,0,0,40,0,43,44
0,0,0,0,0,0,0,43,0,0
0,0,0,0,0,0,0,44,0,0

Krawędzie: 46 42 63 65 40 67 21 78 79 
Waga: 255


Drzewo nr: 97

0,0,0,0,0,0,0,0,8,0
0,0,0,0,0,0,0,0,16,0
0,0,0,0,0,20,0,0,0,0
0,0,0,0,0,0,0,0,29,0
0,0,0,0,0,0,0,0,34,35
0,0,20,0,0,0,0,37,38,0
0,0,0,0,0,0,0,0,41,0
0,0,0,0,0,37,0,0,0,0
8,16,0,29,34,38,41,0,0,0
0,0,0,0,35,0,0,0,0,0

Krawędzie: 57 58 80 52 84 49 86 83 81 
Waga: 258


Drzewo nr: 98

0,0,0,0,0,0,6,0,0,0
0,0,0,0,0,13,0,0,0,0
0,0,0,0,0,0,21,0,0,0
0,0,0,0,0,0,0,28,0,0
0,0,0,0,0,0,0,0,34,0
0,13,0,0,0,0,36,0,0,39
6,0,21,0,0,36,0,40,0,0
0,0,0,28,0,0,40,0,43,0
0,0,0,0,34,0,0,43,0,0
0,0,0,0,0,39,0,0,0,0

Krawędzie: 62 67 65 78 73 59 60 84 51 
Waga: 260


Drzewo nr: 99

0,0,0,0,4,0,0,0,0,0
0,0,0,0,0,0,0,15,0,0
0,0,0,0,0,0,0,22,0,0
0,0,0,0,0,0,0,0,0,30
4,0,0,0,0,0,0,33,0,0
0,0,0,0,0,0,0,0,38,0
0,0,0,0,0,0,0,40,0,0
0,15,22,0,33,0,40,0,43,44
0,0,0,0,0,38,0,43,0,0
0,0,0,30,0,0,0,44,0,0

Krawędzie: 71 78 74 79 40 85 76 93 72 
Waga: 269


Drzewo nr: 100

0,0,0,0,0,0,6,0,0,0
0,0,0,0,0,0,0,0,0,17
0,0,0,0,0,0,0,22,0,0
0,0,0,0,0,0,0,28,0,0
0,0,0,0,0,0,32,0,0,0
0,0,0,0,0,0,36,0,0,0
6,0,0,0,32,36,0,40,0,0
0,0,22,28,0,0,40,0,0,44
0,0,0,0,0,0,0,0,0,45
0,17,0,0,0,0,0,44,45,0

Krawędzie: 79 76 73 65 64 60 72 91 98 
Waga: 270


